[DASH_CAM]
POS=0.317535,1.02235,-0.0537415
EXP=27

