[HEADER]
VERSION=1

[BASIC]
WHEELBASE=2.41
CG_LOCATION=0.4

[ARB]
FRONT=33000
REAR=11500

[FRONT]
TYPE=DWB
BASEY=-0.18
TRACK=1.55
ROD_LENGTH=0.020
HUB_MASS=44
RIM_OFFSET=0.050
WBCAR_TOP_FRONT=0.28973,0.13061,0.12058
WBCAR_TOP_REAR=0.28904,0.13049,-0.1217
WBCAR_BOTTOM_FRONT=0.40944,-0.0749,0.10595
WBCAR_BOTTOM_REAR=0.35122,-0.07955,-0.35563
WBTYRE_TOP=0.060112,0.11191,-0.003
WBTYRE_BOTTOM=0.0588,-0.0977,0.0102
WBCAR_STEER=0.41032,0.0012,-0.10591
WBTYRE_STEER=0.060112,-0.0192,-0.10715
TOE_OUT=-0.00030
STATIC_CAMBER=-2.30
SPRING_RATE=90000
PROGRESSIVE_SPRING_RATE=0
BUMP_STOP_RATE=110000
BUMPSTOP_UP=0.0651
BUMPSTOP_DN=0.0649
PACKER_RANGE=0.0551
DAMP_BUMP=7000
DAMP_FAST_BUMP=3000
DAMP_FAST_BUMPTHRESHOLD=0.120
DAMP_REBOUND=13000
DAMP_FAST_REBOUND=5000
DAMP_FAST_REBOUNDTHRESHOLD=0.120

[REAR]
TYPE=DWB
BASEY=-0.225
TRACK=1.58
ROD_LENGTH=-0.015
HUB_MASS=56
RIM_OFFSET=0.050
WBCAR_TOP_FRONT=0.26384,0.12692,0.10025
WBCAR_TOP_REAR=0.3069,0.13477,-0.14529
WBCAR_BOTTOM_FRONT=0.13541,-0.01744,0.29661
WBCAR_BOTTOM_REAR=0.40042,-0.01888,-0.10722
WBTYRE_TOP=0.0602,0.1,0
WBTYRE_BOTTOM=0.0602,-0.1,-0.11
WBCAR_STEER=0.2932,-0.01561,0.1412
WBTYRE_STEER=0.0602,-0.075511,0.1
TOE_OUT=0.00060
STATIC_CAMBER=-0.5
SPRING_RATE=71000
PROGRESSIVE_SPRING_RATE=0
BUMP_STOP_RATE=90000
BUMPSTOP_UP=0.0925
BUMPSTOP_DN=0.0475
PACKER_RANGE=0.0475
DAMP_BUMP=6000
DAMP_FAST_BUMP=2500
DAMP_FAST_BUMPTHRESHOLD=0.120
DAMP_REBOUND=12000
DAMP_FAST_REBOUND=4000
DAMP_FAST_REBOUNDTHRESHOLD=0.120

[GRAPHICS_OFFSETS]
WHEEL_LF=-0.08
SUSP_LF=0.013
WHEEL_RF=0.08
SUSP_RF=0.01
WHEEL_LR=-0.1
SUSP_LR=-0.02
DISC_LR=-0.01
WHEEL_RR=0.1
SUSP_RR=0.02
DISC_RR=0.02

[DAMAGE]
MIN_VELOCITY=40
GAIN=0.0004
MAX_DAMAGE=0.05
DEBUG_LOG=1

